4761
5355
3448
5834
7751
3188
6887
8794
45
4848
4625
3201
2252
9502
5801
2574
5826
8311
2343
6067
6674
3318
7693
7193
3954
4375
7473
1037
6349
8325
4940
1111
3680
8388
3297
7783
7929
185
2929
4326
1385
3907
3879
9989
3409
9681
8916
5587
4344
1259
8007
1018
930
2052
8211
4884
6428
5685
5921
2777
362
7214
240
4042
1954
3538
8177
9883
75
1107
4210
1460
5014
8089
1450
4775
4122
366
6715
8467
7977
1074
5837
8907
3126
4049
144
5906
6086
6065
5036
6448
9631
5276
6842
1586
5166
1371
7821
5241
8830
8383
6702
196
2825
4504
1324
6947
1222
8039
1766
5551
5465
7604
4459
8591
8005
4603
850
443
7020
5886
3243
6652
7514
85
4590
2681
7808
2411
7922
6639
795
976
6835
3620
1832
4511
6919
9406
2550
8686
4958
8015
2642
5769
2959
6999
372
161
7442
3744
6047
685
6748
9913
7122
1338
2594
4930
102
6869
7921
897
4197
1109
869
2382
5620
7788
1788
4523
2826
3098
8890
5468
8867
8201
8819
5591
8362
6261
9336
761
3298
6084
675
420
3775
9621
1703
3877
2842
9624
1126
7040
7085
8347
9422
9058
2487
7562
3581
5314
661
8823
7134
9528
7025
5954
5120
1739
8567
4456
8853
1866
6892
5880
8638
667
5501
341
896
4696
6318
8374
1736
3403
6721
7510
2461
9209
5072
2394
875
5733
1218
4361
5262
4595
6667
6734
6334
5235
1190
5187
3453
4434
7419
2091
1454
2921
2433
2350
7617
8751
7077
5705
8506
3798
3215
7320
9359
8287
9714
234
373
7284
948
1987
1879
7615
8721
4566
9202
6263
6105
2655
697
3525
1099
8503
2798
3532
7206
6767
8635
4283
2472
3493
8081
2039
813
3793
6678
6880
379
7051
4164
1327
9038
2396
5295
4111
6962
849
374
3067
9857
7424
2944
956
5927
5742
840
9485
2509
5827
3768
4981
9320
8202
3372
6486
1995
51
9718
8726
3454
54
2493
2630
1701
2956
5944
9683
5364
2407
7107
8308
9715
9386
4051
555
8872
6560
6382
8992
7894
2055
7194
1266
8541
5541
1317
8259
4268
4772
8493
674
3617
7476
2375
6573
3420
1277
6256
8784
37
7093
9752
5454
1144
308
4056
3042
9670
1950
5097
3217
3638
8758
886
8249
9378
2010
3095
52
5627
571
8779
8553
3991
6409
1161
9128
6446
877
2573
6198
6331
3717
2858
7009
4125
5901
3031
6076
7350
6248
5645
7341
1359
6531
5590
737
8542
5037
7142
521
5608
2273
9074
5952
8682
6588
1432
5128
7465
4005
7679
148
4074
6889
3509
8199
9142
6540
627
6493
2789
6272
186
500
9156
2128
1237
4050
7166
4731
4571
9126
7005
9998
1430
5687
6586
2862
7168
403
6867
1199
551
7293
4440
412
5493
3583
6952
6093
8745
2966
2945
4253
5094
4183
8303
8612
5266
9226
7739
2271
5576
9169
4311
2162
2032
7831
8917
5251
9030
5820
2545
9822
6232
4390
9757
9537
3214
2537
1982
1959
5503
4928
2564
598
5463
7219
9210
729
3301
9353
2471
3664
855
1495
5806
2458
6877
1627
1355
3051
4211
5745
2809
3748
8960
5346
2083
7271
7202
7011
6188
7800
8826
3407
3362
9555
2557
3016
5260
932
5487
8924
2694
6771
9979
5152
1606
6508
3052
5818
8605
5861
5918
3917
7559
8001
7541
1364
81
2561
190
3488
2276
6098
2398
1644
1358
3330
3483
283
7503
6177
3406
7482
7681
9089
541
6459
9147
2320
7177
9416
9879
1531
6957
4641
2895
3390
3554
3086
3231
2182
9184
5629
178
6894
8959
3661
3529
6462
9838
6936
3944
3872
343
9385
4413
6802
644
3560
5474
4174
9329
1705
2057
2638
2698
4952
6029
2605
9260
1139
3574
4889
1318
6821
3848
4979
350
6662
1170
7286
606
5042
7629
6344
9455
783
3340
9368
2609
3866
5049
4315
5923
7687
3365
876
3716
2322
2976
3462
5193
4217
1132
2014
4417
2463
2364
1079
3633
9651
8038
5027
3632
4382
835
768
7722
6555
3377
1589
1604
4044
3864
5643
3762
4740
9360
7
8688
5898
1552
9258
7030
3566
3675
9494
2282
4755
9479
8285
2793
859
8270
3527
1694
7601
4601
8767
5542
6205
2812
9407
1848
6574
4147
7560
9010
506
2601
4909
2058
1859
8291
1976
5534
4137
611
6641
8896
9434
4476
9313
2522
2556
6915
3475
8809
6032
488
8216
4232
3414
8716
1793
2424
5574
746
3685
3985
1977
5961
8139
6114
2924
1133
6083
8173
6911
5339
6233
5785
4248
9500
5572
8309
5292
2412
2878
9525
7946
7670
4602
3520
8416
8288
7505
1021
6617
9819
5512
9083
2743
6645
5167
916
3565
8430
2608
6150
4216
3208
5650
3476
5132
311
8769
7544
9541
4646
3370
7487
2316
7972
1008
732
2612
4865
1753
9229
4684
4665
3780
263
6184
1048
180
4614
3656
6330
3216
8332
8659
8348
4995
5892
4537
8426
9262
2024
742
3587
9384
7826
2551
4250
9579
8133
8934
9548
2714
9811
8982
115
6343
3596
3771
9025
6988
7357
7438
1688
2353
7581
6890
5996
3195
6738
3134
4651
4564
5686
8901
495
3819
7835
43
2969
6902
6207
1951
7017
8902
1899
7140
7928
678
480
5285
4468
2169
3990
6102
880
1682
9297
6147
2432
7150
5688
4470
6051
2535
238
8931
7610
3492
5138
9561
6861
392
4002
8320
8491
834
3606
9355
3948
4998
5457
4829
6680
7328
7805
9891
830
9845
6881
2381
9002
7119
1312
6612
6964
2802
2525
3825
3194
337
4179
1515
8828
1473
8140
721
1773
3138
2531
6602
6170
282
327
1112
173
4242
4345
2554
3244
7817
218
6208
4781
3020
5085
8606
2566
5422
2786
433
603
4152
8258
8743
4873
32
1881
7404
2986
4403
7394
7275
4904
1517
1431
3810
1113
9248
4028
3673
4029
3400
8987
2318
4181
2752
1136
5925
1010
7151
8112
907
381
4654
2
3598
1929
3439
4854
9799
4870
8664
912
470
9044
938
851
8796
9696
9839
1115
229
7964
3867
1365
242
1229
7596
7393
8624
2060
4652
5357
928
9306
1711
878
7588
5150
7387
6373
749
8299
6843
9794
5589
7695
8590
5286
3886
9705
5515
9924
3233
8444
7506
7181
2189
2482
9242
7839
6522
2500
5902
7400
88
1052
3133
7475
7425
235
2127
621
29
7716
4668
4971
9354
8554
1029
3108
953
4455
1553
4811
1636
3742
7230
1484
3752
5789
7386
1153
5877
4791
638
8568
873
8184
9189
7254
3857
8578
1607
8763
9607
2829
1872
6912
3636
9777
1724
1624
9871
9017
8855
6808
6854
2607
8949
4240
112
1178
9031
7103
883
3952
4328
5419
3141
7935
7672
3351
6513
5631
8466
6120
4812
6690
3032
8448
6467
1108
72
6339
6478
5279
9499
3332
4239
7572
4351
9626
7806
6862
6908
2135
2281
6401
70
6305
6583
1936
9055
3100
1261
2087
1548
7729
3196
7973
6026
9604
6271
9358
3843
4719
3282
8195
6238
6001
9498
4488
6193
4558
8850
8356
7493
787
2927
6548
239
4189
4988
4536
6113
562
5717
1313
9920
5913
3202
460
3081
5793
2813
641
1643
7302
3186
3895
8212
2036
5706
9175
5179
2254
9415
5720
3594
7555
8130
20
9032
8692
2089
345
4964
8002
2729
8167
8462
5811
3960
7628
2804
1955
2342
5851
3142
4378
8103
5200
9906
9634
3807
5673
7401
9580
5697
5532
9600
1082
576
8041
1427
509
3708
858
2672
4020
4838
5476
5975
9768
7818
8178
9263
8548
2633
4463
4806
2268
479
3975
5672
6411
9672
7556
6011
754
8132
405
8534
25
2801
5395
3733
11
8067
4105
4850
9895
6433
4618
4065
963
233
8965
3597
4697
3772
2217
9319
6192
1343
3367
2216
9323
3384
9783
7857
9761
8936
9847
8948
7671
3918
6737
4768
7983
7701
5002
3300
1298
7072
3515
1722
6059
3066
7395
8275
8317
3125
7598
8053
9261
1807
7815
8197
1411
7662
7145
5434
7966
7295
5704
1056
2064
3687
8757
3418
6407
9469
6274
1191
792
2333
609
4539
6960
8927
7665
4559
3278
2718
7499
7827
4130
1513
1325
5916
9480
8620
1621
536
7036
1660
454
5000
8404
9923
5413
4678
7467
3363
8076
7097
323
3355
1114
1234
6688
744
3953
539
8571
4435
2053
351
7885
4869
8324
8421
1905
9985
418
2360
1337
8822
3102
3500
5660
9109
6575
4773
574
7319
2242
9513
9519
9864
3360
4541
2177
1617
4526
2595
329
2215
1417
5318
1269
1419
978
836
6439
4374
3014
5499
2763
333
577
2575
90
9748
1066
6307
7152
778
848
8748
1726
8276
9077
3941
6045
4394
9259
3666
5814
6589
4502
4116
3028
5229
9953
728
9069
2727
7658
9298
1655
7748
5399
9073
4055
8903
6204
1255
4585
2981
2861
6923
4776
2534
8925
6942
3428
1058
8504
8657
7364
7251
5737
9978
3395
7985
7496
3834
7059
7903
2738
9615
9159
7323
4567
2140
184
4948
5415
5443
9724
4302
6666
9778
4149
4077
4634
9158
1441
1885
4895
4226
4643
2661
2553
2139
6496
5964
42
9234
5579
5553
6557
6498
4046
3093
1447
9461
7523
5610
542
6245
9759
4619
5269
9117
6516
6638
1159
9299
6239
9650
5795
2203
1381
1598
7938
4281
5644
7384
2080
1458
7925
7883
4171
3994
7469
1403
5615
9881
520
2131
2871
558
9643
2170
6797
9293
4318
9000
1690
2051
3135
3289
9990
3769
8933
3726
5849
6743
5999
1805
4669
8840
580
2124
243
6195
2005
7115
8326
4876
7673
4321
3399
822
9967
4069
9823
1657
9310
4946
2462
3079
232
8929
6975
8539
7086
7996
8773
1742
6836
3431
5548
5872
6899
227
7100
4572
900
499
867
920
1570
7041
7232
7471
9503
312
2044
5593
1031
583
2679
5379
9357
773
5062
4640
1999
6963
6864
8898
7190
3964
3471
8090
816
5218
5310
3140
8777
1658
4633
5714
6677
2629
3097
7260
1661
8476
2434
7044
8032
7074
290
7942
8537
4255
7765
2979
5071
9335
8289
6807
2475
6124
1937
9200
4135
6570
6236
9849
9599
3211
6879
7774
6181
1171
4213
2740
215
5560
3030
4509
4097
3637
2275
7076
5060
1610
5366
8220
438
7842
157
5990
8329
2226
7444
3828
2241
7955
8422
9081
9341
4547
8463
3850
4996
8453
2477
2073
3513
440
3791
1733
8242
6868
6315
1321
5446
845
9243
4674
8945
9918
3719
6259
8107
2707
5340
7448
156
7650
4955
8609
128
7028
2122
6920
7171
208
7798
1508
8450
4175
2816
5021
2827
2059
1772
1978
5028
5492
4589
4551
6282
6935
6438
937
9464
1399
7417
2844
9873
4337
15
8487
7876
9505
8674
3835
733
9471
9063
4499
7452
3653
3986
2003
6287
7273
6512
2725
5977
476
5628
8821
349
9966
5189
6783
3065
1667
5116
2675
9337
6510
6422
8012
2118
5486
8864
9570
5491
1778
6476
4438
1039
1331
1940
2985
3481
4815
7791
6546
6482
8454
9157
6556
2020
490
6136
6413
4338
6024
9206
8247
914
2225
188
8947
1563
3669
6568
6597
4160
4583
2106
7491
4126
8868
8411
4617
4920
4548
1030
9166
5368
1543
4406
6849
4774
9964
5096
5689
988
104
4750
5810
8226
1347
9970
9161
8273
3932
1415
8549
8414
5963
5931
7652
5475
9312
4501
5949
8643
4170
7586
4274
5596
4381
6437
3822
2081
1887
1033
5987
5819
8175
7402
2941
6873
4624
4304
8701
3937
5157
9565
298
3735
5045
9929
4362
662
799
815
9095
3558
150
7334
4591
2489
3154
9118
6243
1637
6938
3888
338
9045
8345
6792
6504
528
1549
4924
1242
5586
8393
1034
5859
8368
7874
2013
4592
8101
425
6905
1333
2062
1573
8752
1070
618
7863
2092
4743
5024
7016
5985
9919
8954
9988
1488
8357
2583
3942
7132
719
390
8370
2781
4233
9943
5304
6913
1334
388
3426
4262
1765
6794
6599
8036
5748
7329
10
1504
6798
1939
9381
5881
1177
6418
6600
1567
4788
2153
1083
3809
4349
1304
3328
1089
7590
2854
7242
9976
7870
2065
7880
8863
6171
6456
8245
4663
8652
5804
7706
3239
707
7867
3940
2011
1195
5030
9445
5137
4236
7321
5678
1479
3650
3548
2386
5715
7781
1149
931
3958
5528
2357
4296
6543
1009
2347
8099
3908
8806
1775
5879
818
909
812
1498
6491
2977
7587
6391
5363
9654
524
2864
585
829
3174
7470
2657
547
3672
1356
8646
7580
3295
7453
5707
5527
4623
1382
2788
1238
2195
4286
5175
7263
9114
1429
8978
8306
9135
1369
1820
8673
5192
9220
2185
4219
2796
1833
1672
7360
2647
6500
3885
8433
8050
879
4900
3381
6000
3206
1576
1707
8693
7366
8137
708
2939
7001
9245
7158
6149
1078
5182
4653
4790
7829
891
1291
8066
5676
9831
6480
711
4047
9861
6711
7789
4770
8651
7087
4649
6018
5224
8957
2467
4727
2033
7649
5732
3176
5478
2975
4467
9896
9249
9728
4150
5729
6791
4550
1943
9854
8156
3159
3171
9274
9177
8396
4632
4486
3326
9235
6953
4405
7620
6490
796
6432
5817
1615
4469
864
2409
8619
2946
3169
1241
9054
7677
7325
3679
837
497
6366
5245
3938
7205
4923
4158
9328
5113
4294
7897
7988
5909
578
6774
9339
7428
9720
4891
6950
961
979
8286
8168
5135
9635
4535
380
3573
8092
5303
9450
2250
984
6596
3715
890
7965
7494
3151
8543
6303
9925
84
9645
3386
6958
9424
4365
1597
9754
8886
6732
9389
9773
3465
2963
7865
8765
6104
5361
183
5611
2603
4500
3105
5755
3043
5761
7278
5845
1678
6405
9231
5829
6585
1935
8607
640
6472
8255
9405
2940
712
1119
9475
74
5780
1541
4214
649
3738
2244
2918
170
1752
9840
360
5840
6832
7582
9772
8294
2716
9247
969
2791
9574
4972
995
9186
4734
3352
7703
5015
5291
5185
5025
4366
9086
4352
6558
1934
2043
6581
872
7642
3902
7217
7004
162
8000
526
108
9812
6789
9676
5103
3763
4861
4270
7927
1547
197
5228
9703
2240
1809
6927
5712
6943
3452
9068
8283
3614
5161
2506
9886
5648
1341
5763
4359
8252
6949
600
3891
8499
2728
9120
4969
7281
1481
1204
9345
8424
3059
974
1834
4573
693
4395
6341
3894
8627
8456
8253
6708
1555
6042
8319
918
4244
3288
8200
2077
844
7545
1852
2311
498
226
7543
5234
7512
236
6140
6731
5288
7343
316
5662
2989
6455
8766
6109
3530
5616
3757
2181
7621
7661
113
1395
6844
3839
3035
1182
122
4138
3197
4480
5050
8500
7037
4392
999
9844
587
4963
3048
579
6348
5343
91
4881
2964
3486
2543
3078
1926
2117
3325
3745
9652
4235
2849
4280
9286
30
8700
6969
404
6370
1990
9408
7333
3951
297
6494
3375
1264
3136
6002
6099
3033
6262
334
2234
5972
9935
5725
2972
5392
5694
7382
7611
8412
4715
7110
2363
5210
1092
7712
8346
7094
7446
1160
3193
6831
7422
9066
5353
6176
1854
1901
2085
6872
9467
4067
534
7529
4000
8251
330
5562
9343
260
1840
1421
5982
8672
5195
4090
3160
1713
9443
3568
9785
1098
1870
397
7971
7690
4576
4698
9959
9179
1873
4874
2134
7663
9907
9997
2639
5102
2211
3924
2524
6654
3844
8661
596
4943
6884
7345
9266
926
4514
5225
9212
1537
592
3410
5908
1896
3572
3981
8155
3569
3258
6053
4224
6057
9901
3591
1196
475
5172
6814
7753
9686
2040
9608
5250
642
5842
3339
6550
8561
1588
6474
8894
9743
6396
1867
8528
4272
9930
809
839
9146
8636
8387
5973
160
5202
3727
3335
1449
3523
3644
2205
4802
9706
898
2454
6603
982
6533
1920
3694
9111
4265
8843
9052
7992
2646
2521
8008
135
5736
1239
7297
9792
4140
9751
9110
2701
3629
5358
1847
3676
821
138
2358
4671
7553
3724
2395
2722
5439
1596
7332
5674
619
4222
6763
8363
9075
5873
5459
2513
4927
5440
4223
9116
5044
1475
1316
5380
9791
63
8866
6119
462
924
4397
7794
6598
1368
2274
8131
3083
357
4894
214
5284
335
4437
9451
5833
5322
9011
1692
3054
9544
1020
468
207
3419
5693
9322
3394
2768
9960
8052
903
355
6582
1785
8482
2996
174
2687
7084
3725
8497
546
5057
9622
3965
6010
5183
9404
1813
9399
5716
6217
303
6465
2680
7010
817
7347
7881
1944
6696
4408
6126
9383
1492
9851
9290
1923
714
7784
6724
2967
2480
5836
8719
8196
8406
5374
4661
8736
4060
6551
2779
2702
2677
8515
8881
2748
2847
9278
8390
4771
6345
665
2555
3069
4688
1875
1902
6946
98
5283
2721
7408
3491
9818
2623
2520
2909
1138
1790
2266
7420
8628
3765
5945
3187
6685
7820
5089
3562
1118
8845
3438
2651
7918
846
7824
689
9664
6515
802
5934
6529
7392
3949
2372
5238
8017
7535
1055
8695
9815
2615
2886
4085
3461
7062
5684
502
4704
1162
167
7571
3505
8782
4714
8058
2731
9648
1456
7183
9099
3480
9647
682
8572
5634
9417
997
6931
7516
4119
5904
8529
7049
9342
200
1712
604
6013
6954
6056
5703
5578
2300
8990
8278
1064
3814
76
8158
7501
5382
4847
2338
1802
4746
6511
6823
2840
8879
9506
3935
1806
5282
1329
7149
3561
8746
6753
1000
6829
1860
5435
3012
8570
8776
4015
3417
7466
4680
1571
8565
8395
1405
5900
3626
6187
1407
1469
6219
2973
5110
6154
6970
4346
7941
364
3710
7726
6281
7852
7875
6302
2599
9281
2577
6545
4741
6210
3074
1835
7593
7261
4808
2448
7314
2377
3147
5256
2741
6857
1767
4400
247
9694
2253
4475
4852
3756
902
7430
6653
7767
4557
4103
8502
4454
5263
7557
2578
9934
7834
9027
3259
5953
3612
4194
354
212
4687
3811
4795
7138
1448
9133
5360
8905
4172
8545
3359
9435
6103
6614
8365
6037
3015
6199
5065
2626
8505
5029
5211
1593
7061
6280
4333
1075
6788
8279
8875
9991
2592
2317
8897
6764
862
2256
6965
8870
917
3003
8238
